%YAML:1.0
# General sensor definitions.
camera_id: right_cam

# Sensor extrinsics wrt. the body-frame
T_BS:
  cols: 4
  rows: 4
  # data:  [0.0, 0.0, 1.0, 0.06,
  #         -1.0,  0.0, 0.0,  0.0,
  #        0.0,  -1.0,  0.0,  0.0,
  #         0.00000000,  0.00000000,  0.00000000,  1.00000000]
  # data:  [1.0, 0.0, 0.0, 0.5,
  #         0.0,  1.0, 0.0,  -0.06,
  #        0.0,  0.0,  1.0,  0.0,
  #         0.00000000,  0.00000000,  0.00000000,  1.00000000]
  data:  [1.0, 0.0, 0.0, 0.06,
          0.0,  1.0, 0.0,  .0,
         0.0,  0.0,  1.0,  0.0,
          0.00000000,  0.00000000,  0.00000000,  1.00000000]

# Camera specific definitions
rate_hz: 5
resolution: [672, 376]  # [width, height]
camera_model: pinhole
intrinsics: [336.0, 336.0, 336.0, 188.0]  # [fu, fv, cu, cv]
distortion_model: radtan
distortion_coefficients: [0.0, 0.0, 0.0, 0.0]  # model dependent
